8.726646259971647390e-02
8.737195301096187250e-02
8.751419197529436422e-02
8.769391925028162393e-02
8.791225901225080408e-02
8.817071700278818203e-02
8.847117564762624342e-02
8.881588948178677223e-02
8.920747862441735787e-02
8.964892071164960730e-02
9.014354142415297033e-02
9.069500352602705151e-02
9.130729362444328645e-02
9.198470783954840191e-02
9.273183498991155460e-02
9.355353873090654915e-02
9.445493762135157012e-02
9.544138390939600758e-02
9.651844124624572863e-02
9.769186161522036560e-02
9.896756204799057877e-02
1.003516012874814956e-01
1.018501573951107464e-01
1.034695064162157729e-01
1.052160028545871678e-01
1.070960622204477908e-01
1.091161460430411095e-01
1.112827496488314194e-01
1.136023928052551507e-01
1.160816125485804734e-01
1.187269597205636851e-01
1.215449965987978054e-01
1.245422969926007900e-01
1.277254476319936716e-01
1.311010505255370273e-01
1.346757258511462052e-01
1.384561150533062668e-01
1.424488837952444797e-01
1.466607255025856316e-01
1.510983636240503525e-01
1.557685554780665060e-01
1.606780962206892371e-01
1.658338241204779517e-01
1.712426276417804705e-01
1.769114548808055631e-01
1.828473258193725193e-01
1.890573475138468684e-01
1.955487337283499105e-01
2.023288255974714511e-01
2.094051173505739605e-01
2.167852834473135148e-01
2.244772078235084956e-01
2.324890136184538381e-01
2.408290931792286815e-01
2.495061369350802249e-01
2.585291605017189243e-01
2.679075282649167611e-01
2.776509750290046541e-01
2.877696223469751180e-01
2.982739914076916743e-01
3.091750114169762309e-01
3.204840241823238012e-01
3.322127843148474646e-01
3.443734565902514810e-01
3.569786101013662782e-01
3.700412115247413980e-01
3.835746145422394560e-01
3.975925506422006706e-01
4.121091185639090271e-01
4.271387743412747295e-01
4.426963216904378218e-01
4.587969031810309462e-01
4.754559920826547104e-01
