1, 1.585474906085085, 0.365773906611304
2, 1.585472555425474, 0.3657739122459194
3, 1.5854764642756838, 0.3657738930038613
4, 1.585474944889569, 0.3657739078369975
5, 1.5854750278055616, 0.36577391053143565
6, 1.585475040367455, 0.36577391045166185
7, 1.5854749951559932, 0.3657739106913324
8, 1.5854742854997692, 0.36577391573016727
9, 49.60466613602505, 0.18853386586772208
10, 49.604698565430354, 0.1885338413054566
11, 49.60466157970784, 0.18853386242404935
12, 49.60466371214518, 0.18853386584193135
13, 49.604659399811695, 0.18853387464955182
14, 49.60465899427585, 0.1885338769396599
15, 49.604658825155745, 0.18853387751308376
16, 49.60466060055593, 0.18853388288368458
17, 1.911555877431929, 0.40156002331574636
18, 1.911550550359052, 0.40156002297989407
19, 1.9115578803417128, 0.4015600123241285
20, 1.9115563745943518, 0.4015600236850047
21, 1.9115563302002683, 0.4015600284050275
22, 1.911556237443488, 0.40156002955408354
23, 1.9115561785567718, 0.40156002973173127
24, 1.9115552221646601, 0.4015600328789634
25, 1.479656270991882, 0.37797821196993825
26, 1.4796533340406806, 0.37797821682148985
27, 1.4796578975453856, 0.3779781987481106
28, 1.4796564599971767, 0.37797821303679585
29, 1.4796564303430828, 0.377978216115525
30, 1.4796564334021607, 0.3779782162176606
31, 1.4796563838810877, 0.377978216471497
32, 1.4796556698459273, 0.37797822102853207
33, 1.4689000427080285, 0.3864463171622413
34, 1.468896702566404, 0.3864463212902519
35, 1.4689016988525072, 0.3864463043050945
36, 1.4689003263759755, 0.38644631809209096
37, 1.4689002414720875, 0.3864463214721397
38, 1.4689002219750487, 0.38644632176706645
39, 1.4689001792213674, 0.386446321968256
40, 1.468899460725082, 0.3864463262050847
41, 1.7624731376896714, 0.39967014613605195
42, 1.762468681274241, 0.39967014819149904
43, 1.762474950186059, 0.3996701341844338
44, 1.762473585793941, 0.39967014673623236
45, 1.7624734469579442, 0.3996701508375101
46, 1.7624734017292267, 0.39967015154500896
47, 1.7624733452334926, 0.3996701517678121
48, 1.7624725543055997, 0.3996701552720416
49, 1.508359528086281, 0.3896357178441578
50, 1.5083559900016978, 0.3896357215597481
51, 1.508361212665677, 0.3896357050840394
52, 1.5083598518388117, 0.389635718644932
53, 1.5083597511988978, 0.3896357221748021
54, 1.5083597319981021, 0.38963572255594636
55, 1.5083596803021773, 0.38963572276011016
56, 1.5083589647146687, 0.3896357268170979
57, 1.5434394752161338, 0.3870016642932905
58, 1.5434360117717965, 0.3870016682810952
59, 1.5434411745918188, 0.3870016514208798
60, 1.5434397770715687, 0.3870016651761117
61, 1.5434396799058514, 0.38700166862133634
62, 1.5434396680530615, 0.3870016688697628
63, 1.5434396219332072, 0.38700166909826006
64, 1.5434388816413436, 0.387001673362059
65, 1.4689000427080285, 0.3864463171622413
66, 1.468896702566404, 0.3864463212902519
67, 1.4689016988525072, 0.3864463043050945
68, 1.4689003263759755, 0.38644631809209096
69, 1.4689002414720875, 0.3864463214721397
70, 1.4689002219750487, 0.38644632176706645
71, 1.4689001792213674, 0.386446321968256
72, 1.468899460725082, 0.3864463262050847
73, 49.60466613602505, 0.18853386586772208
74, 49.604698565430354, 0.1885338413054566
75, 49.60466157970784, 0.18853386242404935
76, 49.60466371214518, 0.18853386584193135
77, 49.604659399811695, 0.18853387464955182
78, 49.60465899427585, 0.1885338769396599
79, 49.604658825155745, 0.18853387751308376
80, 49.60466060055593, 0.18853388288368458
81, 1.7487275027024205, 0.39854622303615933
82, 1.7487221188598587, 0.39854622142723334
83, 1.7487295137434407, 0.3985462124674446
84, 1.7487279547177657, 0.39854622334139966
85, 1.748728011544414, 0.398546228269968
86, 1.7487278799268071, 0.3985462296823844
87, 1.7487278430489033, 0.39854622983189075
88, 1.7487268377758947, 0.3985462328474894
89, 1.56913904584386, 0.3935174562333685
90, 1.569135228224183, 0.3935174595352462
91, 1.5691407594442526, 0.3935174437493035
92, 1.5691394168763177, 0.39351745697308615
93, 1.5691392940496618, 0.3935174606716024
94, 1.569139269779443, 0.3935174611195583
95, 1.5691392131380082, 0.3935174613699184
96, 1.5691384713862162, 0.3935174652576867
97, 1.5371088731491678, 0.38803067852697853
98, 1.5371053622889825, 0.38803068252059203
99, 1.5371105631280686, 0.38803066576582024
100, 1.5371091786506144, 0.3880306794541987
101, 1.5371090739788025, 0.3880306829023514
102, 1.5371090575873394, 0.3880306832152697
103, 1.5371090121177586, 0.38803068347082065
104, 1.5371082796648516, 0.38803068760693593
105, 1.4723442412581607, 0.38679206571087504
106, 1.4723408801815776, 0.386792069800764
107, 1.4723458981138298, 0.3867920528645551
108, 1.472344526420768, 0.3867920666271785
109, 1.4723444387415596, 0.38679207002345106
110, 1.472344430127649, 0.38679207027662454
111, 1.4723443777624685, 0.38679207052059705
112, 1.4723436603261362, 0.3867920747280394
113, 1.4543972253843058, 0.38646543719930243
114, 1.4543939008371873, 0.3864654413210817
115, 1.454398866989175, 0.38646542433127073
116, 1.4543975067985773, 0.3864654381042154
117, 1.4543974209019164, 0.38646544148896517
118, 1.454397405853017, 0.38646544180467246
119, 1.4543973579852634, 0.3864654420264045
120, 1.4543966520069644, 0.38646544621782425
121, 1.4924922685355253, 0.3867660268576132
122, 1.4924888784050487, 0.3867660309640756
123, 1.4924939326440663, 0.3867660140028749
124, 1.4924925605370012, 0.3867660277451533
125, 1.492492460656997, 0.386766031151088
126, 1.492492455477314, 0.3867660314510601
127, 1.4924924068428869, 0.38676603168573087
128, 1.4924916836910391, 0.3867660358911938
129, 1.450850452391111, 0.38647012116972174
130, 1.450847130913484, 0.38647012529872127
131, 1.450852094494355, 0.38647010830469486
132, 1.4508507395211667, 0.3864701220541959
133, 1.4508506499888116, 0.38647012547473286
134, 1.4508506313390586, 0.38647012576818734
135, 1.450850593012946, 0.38647012596364216
136, 1.4508498803408114, 0.38647013017783444
137, 1.4479526204001005, 0.38647395052629285
138, 1.4479493037390043, 0.38647395461475603
139, 1.4479542684742428, 0.38647393763915194
140, 1.447952906471376, 0.38647395139674623
141, 1.447952817003871, 0.3864739547907348
142, 1.4479528052647552, 0.3864739550657536
143, 1.4479527591311674, 0.3864739553106148
144, 1.4479520467726998, 0.38647395949588015
145, 1.4319537678791348, 0.38649513061183755
146, 1.431950470825987, 0.3864951346927109
147, 1.4319554036781401, 0.3864951177421335
148, 1.431954056622844, 0.3864951314703895
149, 1.4319539667521692, 0.3864951348930845
150, 1.4319539545006246, 0.38649513518159734
151, 1.431953906876414, 0.3864951353966728
152, 1.4319532051841715, 0.3864951395778102
153, 1.4980551360254977, 0.3867588543978543
154, 1.4980517409280534, 0.3867588584752482
155, 1.4980568009170483, 0.38675884155712725
156, 1.4980554296083186, 0.3867588552579409
157, 1.498055333242526, 0.3867588587119774
158, 1.4980553222744168, 0.38675885898696494
159, 1.4980552711821367, 0.3867588592307346
160, 1.4980545596463093, 0.38675886340720034
161, 1.4317067061067228, 0.38649545819191555
162, 1.431703409697944, 0.3864954623029033
163, 1.4317083420774692, 0.38649544528834673
164, 1.431706986843952, 0.38649545909810823
165, 1.4317068991285233, 0.3864954624848538
166, 1.431706885910225, 0.3864954627275206
167, 1.4317068435056841, 0.3864954629781498
168, 1.4317061407631801, 0.38649546716676864
169, 1.5016461570209017, 0.386754228146411
170, 1.5016427609168028, 0.38675423223385824
171, 1.5016478287607848, 0.38675421528966886
172, 1.501646453412373, 0.3867542290234419
173, 1.50164636087955, 0.3867542324494631
174, 1.5016463477225694, 0.3867542327310966
175, 1.5016462972136568, 0.3867542329569713
176, 1.5016455791008396, 0.3867542371439176
177, 1.4316054470504098, 0.38649559244206827
178, 1.4316021517206308, 0.38649559654723065
179, 1.4316070827140084, 0.3864955795688462
180, 1.4316057288637787, 0.3864955933434796
181, 1.4316056400482304, 0.3864955967628335
182, 1.431605634899453, 0.3864955969951061
183, 1.4316055850848302, 0.3864955972265239
184, 1.4316048816430307, 0.3864956014321634
185, 1.4315069131072253, 0.3864957230956152
186, 1.4315036188685755, 0.38649572718340036
187, 1.4315085504645337, 0.38649571021126794
188, 1.4315072001077607, 0.3864957239945717
189, 1.4315071100231633, 0.3864957274346408
190, 1.4315071001064783, 0.38649572765780316
191, 1.4315070548474307, 0.386495727892463
192, 1.4315063419238985, 0.3864957321192085
193, 1.4282164218519888, 0.38650008776340616
194, 1.4282131371924194, 0.3865000918267587
195, 1.428218054249367, 0.386500074897627
196, 1.4282167048504926, 0.386500088642165
197, 1.4282166173851876, 0.38650009206363245
198, 1.4282166056314372, 0.3865000922969772
199, 1.4282165647022824, 0.3865000925469062
200, 1.428215856535064, 0.3865000967318947
201, 1.4282164218519888, 0.38650008776340616
202, 1.4282131371924194, 0.3865000918267587
203, 1.428218054249367, 0.386500074897627
204, 1.4282167048504926, 0.386500088642165
205, 1.4282166173851876, 0.38650009206363245
206, 1.4282166056314372, 0.3865000922969772
207, 1.4282165647022824, 0.3865000925469062
208, 1.428215856535064, 0.3865000967318947
209, 1.5964993440258415, 0.39568737423157113
210, 1.5964952665008252, 0.39568737670226317
211, 1.5965010572913971, 0.3956873622152682
212, 1.596499747962629, 0.39568737483911254
213, 1.5964996110971714, 0.3956873788277281
214, 1.596499579380455, 0.39568737942030624
215, 1.596499538733888, 0.3956873795144287
216, 1.5964987817950227, 0.3956873832084758
217, 1.4736393002492856, 0.3887370888335057
218, 1.4736358289551652, 0.3887370926235161
219, 1.473640966845559, 0.38873707609177494
220, 1.4736396159444636, 0.3887370896681355
221, 1.4736395125529325, 0.3887370931773428
222, 1.4736394895323628, 0.38873709352778224
223, 1.473639452273887, 0.3887370937018043
224, 1.4736387351992302, 0.3887370978046539
225, 1.5602900149736516, 0.386913414166189
226, 1.5602865304315532, 0.38691341817868846
227, 1.5602917226285282, 0.3869134013239554
228, 1.560290322386637, 0.38691341502709714
229, 1.5602902269624788, 0.3869134184394205
230, 1.5602902130347531, 0.3869134187421805
231, 1.5602901639707987, 0.3869134189634996
232, 1.5602894233053661, 0.3869134232160897
233, 1.4932036507745152, 0.38675909928293833
234, 1.4932002610159214, 0.38675910333363517
235, 1.4932053162058414, 0.38675908638794476
236, 1.4932039457928072, 0.3867591001293841
237, 1.4932038500059788, 0.3867591035283355
238, 1.4932038385434556, 0.38675910382648715
239, 1.493203792021727, 0.3867591040530446
240, 1.4932030705359416, 0.3867591082661413
241, 1.4279201630986966, 0.3865003262918641
242, 1.4279168723561086, 0.386500330387707
243, 1.427921790006169, 0.3865003134339762
244, 1.4279204460946375, 0.38650032719369415
245, 1.427920358966361, 0.38650033058036226
246, 1.4279203479770257, 0.38650033087203867
247, 1.4279202983838015, 0.3865003310516488
248, 1.4279195911870939, 0.38650033530510003
249, 1.4971167394352647, 0.386756045000326
250, 1.4971133439093063, 0.3867560491293458
251, 1.4971184073879196, 0.386756032164986
252, 1.4971170260164588, 0.38675604593628726
253, 1.4971169418141594, 0.38675604930675755
254, 1.497116928455036, 0.38675604962200805
255, 1.4971168812852276, 0.3867560498222781
256, 1.497116157660436, 0.38675605404781804
257, 1.5046029272971881, 0.3867502031835205
258, 1.5045995255564182, 0.3867502073350261
259, 1.5046045967424266, 0.38675019038069164
260, 1.5046032204491917, 0.38675020413898
261, 1.504603127359004, 0.38675020755596107
262, 1.5046031100912154, 0.38675020781458647
263, 1.5046030635003775, 0.3867502080585332
264, 1.5046023478829165, 0.38675021224243156
265, 1.4279201294907564, 0.3865003263561093
266, 1.4279168400307578, 0.3865003304433582
267, 1.4279217597222338, 0.3865003134797065
268, 1.4279204127777725, 0.3865003272093287
269, 1.4279203299460743, 0.38650033060441236
270, 1.4279203093226398, 0.3865003309198638
271, 1.4279202652872365, 0.3865003311366031
272, 1.4279195611823727, 0.3865003353284054
273, 1.4279200862203114, 0.38650032635892095
274, 1.4279167949972484, 0.38650033047140026
275, 1.4279217184146829, 0.3865003134963346
276, 1.4279203635657012, 0.3865003272607131
277, 1.4279202871480108, 0.38650033062978045
278, 1.4279202680946144, 0.38650033093077796
279, 1.4279202237767856, 0.38650033113552035
280, 1.427919514407993, 0.386500335384872
281, 1.4278595349192613, 0.3865003751095026
282, 1.427856240890865, 0.38650037924375474
283, 1.4278611676807622, 0.3865003622520015
284, 1.4278598190612934, 0.3865003760084418
285, 1.4278597310061671, 0.3865003794018271
286, 1.4278597211811421, 0.3865003796657975
287, 1.4278596741435279, 0.3865003799142956
288, 1.4278589637172685, 0.38650038415178073
289, 1.4278595241847822, 0.38650037513824936
290, 1.4278562390644105, 0.3865003791884294
291, 1.4278611560866301, 0.38650036224558515
292, 1.4278598072787776, 0.3865003760107585
293, 1.4278597227271848, 0.38650037940082344
294, 1.4278597102179258, 0.3865003796631442
295, 1.4278596625527775, 0.38650037991789005
296, 1.4278589576109604, 0.38650038413080745
297, 1.4278595291128897, 0.3865003751104814
298, 1.4278562369862962, 0.38650037920149777
299, 1.4278611578100078, 0.38650036225459816
300, 1.4278598032176477, 0.38650037602313647
301, 1.4278597216897804, 0.38650037943054816
302, 1.4278597083201003, 0.3865003796796331
303, 1.4278596588243306, 0.3865003799041827
304, 1.4278589547543183, 0.3865003841423281
305, 1.4278595241847822, 0.38650037513824936
306, 1.4278562390644105, 0.3865003791884294
307, 1.4278611560866301, 0.38650036224558515
308, 1.4278598072787776, 0.3865003760107585
309, 1.4278597227271848, 0.38650037940082344
310, 1.4278597102179258, 0.3865003796631442
311, 1.4278596625527775, 0.38650037991789005
312, 1.4278589576109604, 0.38650038413080745
313, 1.5357790631506787, 0.39473110644120446
314, 1.5357739706692055, 0.39473110453506793
315, 1.5357809433085245, 0.3947310962746128
316, 1.5357794897273958, 0.3947311067254699
317, 1.535779549243786, 0.39473111173228437
318, 1.5357794318839149, 0.39473111308135395
319, 1.5357794011834094, 0.3947311130809
320, 1.5357784706668687, 0.3947311160468102
321, 1.5767181692807741, 0.3932900243052036
322, 1.5767143223221824, 0.39329002744563807
323, 1.5767198834725022, 0.39329001188983603
324, 1.576718553696619, 0.3932900250131142
325, 1.576718420765565, 0.3932900287590198
326, 1.576718392815978, 0.39329002923014433
327, 1.5767183470460142, 0.3932900293994776
328, 1.5767176001565364, 0.3932900332599205
329, 1.5068532003929282, 0.38791825384908074
330, 1.5068497248314228, 0.3879182577996939
331, 1.5068548714288459, 0.38791824105592587
332, 1.5068535093729796, 0.38791825468311464
333, 1.5068534010015078, 0.38791825821404907
334, 1.5068533895150305, 0.38791825848046
335, 1.5068533397178576, 0.38791825871597013
336, 1.5068526159436275, 0.38791826285357484
337, 1.435679007558311, 0.3868151383787508
338, 1.4356756899437286, 0.3868151424249287
339, 1.4356806497072163, 0.3868151254809798
340, 1.435679292676901, 0.38681513927555095
341, 1.4356792044726325, 0.38681514268337147
342, 1.4356791920670653, 0.38681514297193553
343, 1.435679144800081, 0.3868151431661429
344, 1.4356784414817487, 0.3868151473494383
345, 1.4919373202048105, 0.3867621099938879
346, 1.4919339368405933, 0.3867621140785388
347, 1.4919389827826133, 0.386762097142068
348, 1.4919376135380829, 0.3867621108818706
349, 1.49193752068034, 0.38676211427493934
350, 1.4919375043811605, 0.3867621145608409
351, 1.491937458298882, 0.38676211480781264
352, 1.4919367366589484, 0.38676211901683366
353, 1.5043110090778538, 0.38675048716706606
354, 1.5043076062096887, 0.3867504912279236
355, 1.504312682577154, 0.3867504742910794
356, 1.504311300576876, 0.38675048805410955
357, 1.5043112095756506, 0.3867504914510644
358, 1.504311197061973, 0.3867504917475032
359, 1.50431115325306, 0.3867504919634122
360, 1.504310426666909, 0.3867504961609342
361, 1.4278592738798528, 0.3865003753574923
362, 1.427855976495053, 0.3865003794767374
363, 1.4278608992713504, 0.3865003625127563
364, 1.4278595459175936, 0.3865003762874882
365, 1.4278594656547692, 0.38650037969910933
366, 1.4278594509107798, 0.38650037996847403
367, 1.4278594033382002, 0.3865003801661146
368, 1.4278587020375366, 0.3865003843407594
369, 1.4278254899911387, 0.3865004080670591
370, 1.4278222019456126, 0.3865004121391068
371, 1.4278271192144607, 0.3865003951977395
372, 1.4278257729836028, 0.38650040896205523
373, 1.4278256839097403, 0.38650041237379107
374, 1.4278256715993243, 0.38650041263468904
375, 1.4278256282435502, 0.3865004128594307
376, 1.4278249204035784, 0.38650041706509464
377, 1.5044706168919375, 0.3867503373273108
378, 1.5044672125090126, 0.38675034141948433
379, 1.5044722903964582, 0.38675032443498475
380, 1.5044709094342275, 0.38675033824891997
381, 1.5044708189966767, 0.3867503416135663
382, 1.5044708063161236, 0.38675034187056223
383, 1.5044707569047064, 0.3867503421278133
384, 1.504470030680338, 0.3867503463403462
385, 1.4278254348392068, 0.38650040814944553
386, 1.4278221470549957, 0.38650041220937775
387, 1.4278270645389792, 0.38650039527416113
388, 1.4278257196528688, 0.38650040901574045
389, 1.427825632358265, 0.38650041244229905
390, 1.427825620525576, 0.38650041268330265
391, 1.4278255758590415, 0.38650041292642723
392, 1.4278248707162828, 0.3865004171315507
393, 1.427825387910709, 0.3865004081624584
394, 1.4278220950024283, 0.38650041226521337
395, 1.4278270147667582, 0.38650039533785707
396, 1.4278256649955328, 0.38650040909483757
397, 1.4278255792967485, 0.38650041248626105
398, 1.4278255661701436, 0.3865004127333874
399, 1.4278255177699644, 0.3865004129814162
400, 1.4278248155822166, 0.38650041717762396
401, 1.5045503689205713, 0.3867502624693839
402, 1.5045469696957245, 0.386750266524366
403, 1.5045520386563558, 0.3867502496167626
404, 1.5045506595744744, 0.3867502633922316
405, 1.5045505700745667, 0.38675026674190366
406, 1.5045505573876052, 0.38675026704628346
407, 1.5045505042502787, 0.386750267283542
408, 1.5045497821854807, 0.3867502714766091
409, 1.4278253687043967, 0.3865004082353087
410, 1.4278220781787136, 0.38650041229904214
411, 1.4278270002903828, 0.3865003953713457
412, 1.4278256539793959, 0.38650040907416866
413, 1.4278255649756457, 0.3865004125051183
414, 1.4278255552540513, 0.38650041277335556
415, 1.4278255095905124, 0.3865004129939619
416, 1.4278248030539995, 0.38650041721030653
417, 1.4278253602613236, 0.38650040819811127
418, 1.4278220686161385, 0.3865004123011037
419, 1.4278269904787995, 0.3865003953243047
420, 1.4278256374383909, 0.3865004090788448
421, 1.4278255510132245, 0.3865004125041165
422, 1.4278255411040341, 0.38650041279250624
423, 1.4278254909594768, 0.3865004130361517
424, 1.4278247953954717, 0.3865004171812762
425, 1.5045902331238457, 0.38675022503195383
426, 1.50458682762723, 0.38675022914163193
427, 1.5045919048620127, 0.3867502121888638
428, 1.5045905277178209, 0.3867502259286128
429, 1.5045904371127066, 0.3867502293072423
430, 1.504590419966103, 0.38675022961652217
431, 1.504590370007941, 0.38675022985072527
432, 1.5045896471314992, 0.38675023401077446
433, 1.4278253581044587, 0.38650040822888476
434, 1.427822062549223, 0.3865004123150287
435, 1.4278269890842208, 0.38650039531994995
436, 1.4278256338396549, 0.38650040909102545
437, 1.4278255481174704, 0.3865004125250584
438, 1.4278255367243653, 0.3865004127851842
439, 1.4278254926660094, 0.3865004130088288
440, 1.427824790650325, 0.386500417207224
441, 1.4278253476788356, 0.3865004082337004
442, 1.4278220617234265, 0.3865004123183499
443, 1.4278269854753234, 0.3865003953412948
444, 1.4278256346339193, 0.3865004091055897
445, 1.4278255491069214, 0.3865004125097204
446, 1.4278255373316493, 0.3865004127770078
447, 1.427825484532028, 0.3865004130382613
448, 1.4278247819275134, 0.3865004172188332
449, 1.4278060168234206, 0.3865004269139607
450, 1.4278027228482237, 0.38650043104124426
451, 1.4278076438491054, 0.3865004140542455
452, 1.4278062879711888, 0.38650042787145067
453, 1.4278062081053722, 0.38650043123378747
454, 1.4278061941255584, 0.38650043151152774
455, 1.427806149518297, 0.3865004317534451
456, 1.4278054389842119, 0.3865004359455773
457, 1.5045970050223958, 0.38675021871729537
458, 1.5045936005270029, 0.38675022276671606
459, 1.5045986763439556, 0.38675020580505665
460, 1.504597298505056, 0.3867502195792911
461, 1.5045972070728506, 0.386750222963557
462, 1.5045971969664624, 0.3867502232162381
463, 1.5045971407926828, 0.38675022350863536
464, 1.504596420942774, 0.38675022772333434
465, 1.4278060133654702, 0.3865004269494867
466, 1.4278027201949826, 0.3865004310260251
467, 1.4278076406988, 0.3865004140722943
468, 1.4278062898803243, 0.38650042787646616
469, 1.4278062098008881, 0.3865004312209053
470, 1.427806192279612, 0.38650043148869906
471, 1.4278061469053815, 0.3865004317245304
472, 1.427805439537428, 0.386500435964392
473, 49.60466613602505, 0.18853386586772208
474, 49.604698565430354, 0.1885338413054566
475, 49.60466157970784, 0.18853386242404935
476, 49.60466371214518, 0.18853386584193135
477, 49.604659399811695, 0.18853387464955182
478, 49.60465899427585, 0.1885338769396599
479, 49.604658825155745, 0.18853387751308376
480, 49.60466060055593, 0.18853388288368458
481, 1.759600767032682, 0.39855242697694354
482, 1.75959537591274, 0.39855242537603086
483, 1.7596027821629574, 0.3985524164396291
484, 1.7596012114780193, 0.39855242729651985
485, 1.759601274433821, 0.3985524322351219
486, 1.7596011480226212, 0.39855243360227915
487, 1.7596010911711282, 0.39855243384451966
488, 1.7596000897574546, 0.39855243683002994
489, 1.5594848376777055, 0.39352525821964685
490, 1.559481024280232, 0.3935252615107574
491, 1.5594865346041826, 0.39352524575927983
492, 1.55948519830813, 0.39352525898644497
493, 1.5594850735946777, 0.39352526267893884
494, 1.5594850501722621, 0.3935252631424107
495, 1.5594850007824308, 0.39352526333499993
496, 1.5594842567559202, 0.3935252672579265
497, 1.5097358445370084, 0.3880632641435289
498, 1.5097323781969745, 0.3880632680530289
499, 1.5097375254651435, 0.38806325131538283
500, 1.509736159558682, 0.3880632649554439
501, 1.509736066853642, 0.3880632684034595
502, 1.5097360379060094, 0.3880632687777523
503, 1.5097359926180869, 0.38806326898418625
504, 1.5097352686742265, 0.38806327314623934
505, 1.544964043048424, 0.38665287858157554
506, 1.544960578907065, 0.38665288265737463
507, 1.5449657330115756, 0.386652865720912
508, 1.54496433891762, 0.3866528794747921
509, 1.5449642435854831, 0.3866528828696386
510, 1.5449642295627504, 0.38665288315409946
511, 1.5449641804610315, 0.3866528833960271
512, 1.5449634378804642, 0.38665288767147493
513, 1.5002598409164853, 0.38675582736810526
514, 1.5002564469107507, 0.38675583145846404
515, 1.5002615146955256, 0.38675581448997687
516, 1.5002601392967996, 0.3867558282573905
517, 1.5002600476522545, 0.3867558316341916
518, 1.5002600316345547, 0.386755831949014
519, 1.500259983672957, 0.3867558321495063
520, 1.5002592554744525, 0.3867558364008197
521, 1.4278193217876312, 0.3865004285040208
522, 1.4278160359756045, 0.3865004325799416
523, 1.4278209529429453, 0.38650041558783976
524, 1.4278196081010406, 0.38650042933932277
525, 1.427819520911511, 0.3865004327347706
526, 1.4278195131905502, 0.3865004330310017
527, 1.42781946114156, 0.3865004332530369
528, 1.427818760020001, 0.3865004374596984
529, 1.5045831844284554, 0.3867502602547078
530, 1.5045797795524283, 0.3867502643715993
531, 1.5045848561257138, 0.38675024739679553
532, 1.5045834779508658, 0.3867502611821461
533, 1.5045833837676472, 0.38675026452811184
534, 1.5045833697760096, 0.38675026484139574
535, 1.5045833231721972, 0.38675026508936666
536, 1.5045825974203821, 0.3867502692963872
537, 1.4278193269060118, 0.38650042844881755
538, 1.427816035244617, 0.3865004325306106
539, 1.427820954322262, 0.3865004156127692
540, 1.427819604531383, 0.3865004293849622
541, 1.4278195176391357, 0.3865004327747684
542, 1.4278195032883414, 0.38650043302274206
543, 1.4278194588041795, 0.3865004332602311
544, 1.427818753049345, 0.38650043746335405
545, 1.4278193217876312, 0.3865004285040208
546, 1.4278160359756045, 0.3865004325799416
547, 1.4278209529429453, 0.38650041558783976
548, 1.4278196081010406, 0.38650042933932277
549, 1.427819520911511, 0.3865004327347706
550, 1.4278195131905502, 0.3865004330310017
551, 1.42781946114156, 0.3865004332530369
552, 1.427818760020001, 0.3865004374596984
1, 22321.59026252075, 0.36792156697544937
2, 22321.587903207244, 0.36792157257930613
3, 22321.590350288698, 0.3679215533159447
4, 22321.59031377489, 0.36792156819076033
5, 22321.590687674066, 0.36792157091167077
6, 22321.590114011065, 0.36792157086724986
7, 22321.59007918702, 0.3679215711805119
8, 22321.58977406682, 0.3679215762317473
